set cursoractivefmt "\033[1;38;2;46;52;64;48;2;136;192;208m"
set cursorparentfmt "\033[1;38;2;46;52;64;48;2;129;161;193m"
set cursorpreviewfmt "\033[1;38;2;46;52;64;48;2;143;188;187m"
set promptfmt "\033[1;48;2;46;52;64m\033[38;2;136;192;208;1m%u\033[38;2;216;222;233m@\033[38;2;180;142;173m%h\033[38;2;216;222;233m:\033[38;2;136;192;208m%w%S\033[0m"

set cutfmt "\033[1;38;2;46;52;64;48;2;191;97;106m"
set copyfmt "\033[1;38;2;46;52;64;48;2;235;203;139m"
set selectfmt "\033[1;38;2;46;52;64;48;2;136;192;208m"
set visualfmt "\033[1;48;2;59;66;82;38;2;216;222;233m"

set user_modefmt "\033[1;38;2;46;52;64;48;2;136;192;208m"
set user_permfmt "\033[1;48;2;46;52;64;38;2;136;192;208m"
set user_linkcountfmt "\033[1;48;2;46;52;64;38;2;129;161;193m"
set user_userfmt "\033[1;48;2;46;52;64;38;2;129;161;193m"
set user_groupfmt "\033[1;48;2;46;52;64;38;2;129;161;193m"
set user_sizefmt "\033[1;48;2;46;52;64;38;2;136;192;208m"
set user_modtimefmt "\033[1;48;2;46;52;64;38;2;129;161;193m"
set user_linkfmt "\033[1;38;2;180;142;173m"
set user_iovertfmt "\033[1;38;2;46;52;64;48;2;136;192;208m"
set user_filterfmt "\033[1;38;2;46;52;64;48;2;136;192;208m"

# vim: ft=lf
