set cursoractivefmt "\033[1;38;2;25;23;36;48;2;156;207;216m"
set cursorparentfmt "\033[1;38;2;25;23;36;48;2;196;167;231m"
set cursorpreviewfmt "\033[1;38;2;25;23;36;48;2;49;116;143m"
set promptfmt "\033[1;48;2;25;23;36m\033[38;2;156;207;216;1m%u\033[38;2;224;222;244m@\033[38;2;196;167;231m%h\033[38;2;224;222;244m:\033[38;2;156;207;216m%w%S\033[0m"

set cutfmt "\033[1;38;2;25;23;36;48;2;235;111;146m"
set copyfmt "\033[1;38;2;25;23;36;48;2;246;193;119m"
set selectfmt "\033[1;38;2;25;23;36;48;2;156;207;216m"
set visualfmt "\033[1;48;2;31;29;46;38;2;224;222;244m"

set user_modefmt "\033[1;38;2;25;23;36;48;2;156;207;216m"
set user_permfmt "\033[1;48;2;25;23;36;38;2;156;207;216m"
set user_linkcountfmt "\033[1;48;2;25;23;36;38;2;144;140;170m"
set user_userfmt "\033[1;48;2;25;23;36;38;2;196;167;231m"
set user_groupfmt "\033[1;48;2;25;23;36;38;2;144;140;170m"
set user_sizefmt "\033[1;48;2;25;23;36;38;2;156;207;216m"
set user_modtimefmt "\033[1;48;2;25;23;36;38;2;144;140;170m"
set user_linkfmt "\033[1;38;2;196;167;231m"
set user_iovertfmt "\033[1;38;2;25;23;36;48;2;156;207;216m"
set user_filterfmt "\033[1;38;2;25;23;36;48;2;156;207;216m"

# vim: ft=lf
