set cursoractivefmt "\033[1;38;2;31;31;40;48;2;126;156;216m"
set cursorparentfmt "\033[1;38;2;31;31;40;48;2;127;180;202m"
set cursorpreviewfmt "\033[1;38;2;31;31;40;48;2;106;149;137m"
set promptfmt "\033[1;48;2;31;31;40m\033[38;2;126;156;216;1m%u\033[38;2;220;215;186m@\033[38;2;149;127;184m%h\033[38;2;220;215;186m:\033[38;2;126;156;216m%w%S\033[0m"

set cutfmt "\033[1;38;2;31;31;40;48;2;228;104;118m"
set copyfmt "\033[1;38;2;31;31;40;48;2;230;195;132m"
set selectfmt "\033[1;38;2;31;31;40;48;2;126;156;216m"
set visualfmt "\033[1;48;2;42;42;55;38;2;220;215;186m"

set user_modefmt "\033[1;38;2;31;31;40;48;2;126;156;216m"
set user_permfmt "\033[1;48;2;31;31;40;38;2;126;156;216m"
set user_linkcountfmt "\033[1;48;2;31;31;40;38;2;200;192;147m"
set user_userfmt "\033[1;48;2;31;31;40;38;2;127;180;202m"
set user_groupfmt "\033[1;48;2;31;31;40;38;2;200;192;147m"
set user_sizefmt "\033[1;48;2;31;31;40;38;2;126;156;216m"
set user_modtimefmt "\033[1;48;2;31;31;40;38;2;200;192;147m"
set user_linkfmt "\033[1;38;2;149;127;184m"
set user_iovertfmt "\033[1;38;2;31;31;40;48;2;126;156;216m"
set user_filterfmt "\033[1;38;2;31;31;40;48;2;126;156;216m"

# vim: ft=lf
